sample	chr	startpos	endpos	nMajor	nMinor
123B_CM-_vs_123B_PBMC.tumour	1	1185051	111996439	2	1
123B_CM-_vs_123B_PBMC.tumour	1	112520503	116545157	3	2
123B_CM-_vs_123B_PBMC.tumour	1	116768525	248745207	2	2
123B_CM-_vs_123B_PBMC.tumour	2	242800	241745694	2	1
123B_CM-_vs_123B_PBMC.tumour	3	319825	197985888	2	1
123B_CM-_vs_123B_PBMC.tumour	4	271152	51886646	1	1
123B_CM-_vs_123B_PBMC.tumour	4	52072077	188101170	2	1
123B_CM-_vs_123B_PBMC.tumour	5	139587	181005416	2	1
123B_CM-_vs_123B_PBMC.tumour	6	564145	61681011	3	1
123B_CM-_vs_123B_PBMC.tumour	6	61700680	170553212	3	0
123B_CM-_vs_123B_PBMC.tumour	7	775151	159058543	2	2
123B_CM-_vs_123B_PBMC.tumour	8	615232	67161902	2	1
123B_CM-_vs_123B_PBMC.tumour	8	68015357	144930861	3	1
123B_CM-_vs_123B_PBMC.tumour	9	271638	138058238	3	0
123B_CM-_vs_123B_PBMC.tumour	10	1000772	133527063	2	1
123B_CM-_vs_123B_PBMC.tumour	11	1086825	134374229	2	1
123B_CM-_vs_123B_PBMC.tumour	12	202783	133202210	3	0
123B_CM-_vs_123B_PBMC.tumour	13	19824529	114324544	1	1
123B_CM-_vs_123B_PBMC.tumour	14	19921447	106657835	2	1
123B_CM-_vs_123B_PBMC.tumour	15	19987698	101684138	2	0
123B_CM-_vs_123B_PBMC.tumour	16	58586	90074947	2	1
123B_CM-_vs_123B_PBMC.tumour	17	562535	21300945	2	0
123B_CM-_vs_123B_PBMC.tumour	17	27301794	83048511	2	1
123B_CM-_vs_123B_PBMC.tumour	18	224184	80138359	2	1
123B_CM-_vs_123B_PBMC.tumour	19	282753	58478128	2	1
123B_CM-_vs_123B_PBMC.tumour	20	158815	64086577	3	1
123B_CM-_vs_123B_PBMC.tumour	21	14109044	46602317	1	1
123B_CM-_vs_123B_PBMC.tumour	22	16784014	50577409	1	1
123B_CM-_vs_123B_PBMC.tumour	X	1389431	57910281	2	0
123B_CM-_vs_123B_PBMC.tumour	X	64192810	64192810	1	0
123B_CM-_vs_123B_PBMC.tumour	X	70258899	154830834	2	0
