chr	startpos	endpos	nMajor	nMinor
1	1185051	15506048	2	2
1	15518120	30953968	2	0
1	31425387	119895261	2	2
1	145873487	162274222	4	2
1	162397281	248745207	4	1
2	242800	90221099	4	2
2	96278815	198085516	2	2
2	200572611	208121913	1	1
2	208142835	214767531	2	0
2	214767532	215340444	4	0
2	215347616	222571888	3	0
2	222694370	231520939	4	0
2	232379271	237586099	2	0
2	237760159	241745694	2	2
3	319825	197985888	2	2
4	271152	177353411	2	2
4	182680694	188101170	2	1
5	139587	177409531	2	2
5	178185733	181005416	2	1
6	564145	170553212	2	0
7	775151	57121011	4	0
7	64015061	65960907	3	1
7	71273743	142138562	3	0
7	142196259	159058543	2	0
8	615232	144930861	2	2
9	271638	87728865	2	2
9	87886599	104134528	1	1
9	104505023	138058238	2	2
10	1000772	133527063	2	2
11	1086825	134374229	2	2
12	202783	133202210	2	2
13	19824529	53034497	2	2
13	66782796	67228207	3	2
13	72775221	99295924	2	2
13	99884978	102687015	2	0
13	102731067	108335469	1	1
13	109009011	114324544	2	2
14	19921447	24819307	2	2
14	30630532	32823708	2	0
14	32823916	106657835	2	2
15	19987698	59207917	2	2
15	61174799	101684138	4	2
16	58586	90074947	2	2
17	562535	83048511	2	2
18	224184	14752958	3	2
18	21574182	80138359	2	2
19	282753	57445460	2	2
19	57455681	58478128	2	0
20	158815	43460871	2	2
20	43465875	64086577	6	2
21	14109044	46602317	2	2
22	16784014	50577409	2	2
X	1389431	57910281	2	2
X	64192810	64192810	5	0
X	70258899	154830834	2	2
