chr	startpos	endpos	nMajor	nMinor
1	1185051	119895261	2	1
1	145873487	248745207	2	2
2	242800	241745694	2	2
3	319825	74364525	2	1
3	81648979	81648979	1	3
3	87245899	197985888	2	1
4	271152	188101170	2	2
5	139587	181005416	2	1
6	564145	170553212	2	0
7	775151	159058543	2	2
8	615232	144930861	2	1
9	271638	138058238	2	0
10	1000772	133527063	2	2
11	1086825	134374229	2	1
12	202783	92809025	2	0
12	92871460	133202210	3	0
13	19824529	53034497	2	1
13	66782796	67228207	2	2
13	72775221	114324544	2	1
14	19921447	106657835	2	1
15	19987698	101684138	2	2
16	58586	31915298	2	1
16	46608374	90074947	2	2
17	562535	83048511	2	0
18	224184	47084347	2	1
18	48252638	60215554	2	0
18	61499308	80138359	2	1
19	282753	58478128	2	1
20	158815	64086577	2	2
21	14109044	46602317	2	0
22	16784014	50577409	2	2
X	1389431	57910281	2	0
X	64192810	87632244	1	0
X	93672635	154830834	2	0
