	25.0	26.0	27.0	28.0	29.0	30.0	31.0	32.0	33.0	34.0	35.0	36.0	37.0	38.0
113B_CM+_T1_1	3.0	751.0	19374.0	131948.0	382865.0	662657.0	901053.0	1219428.0	1728622.0	2628690.0	4411647.0	8515707.0	20265432.0	376841.0
	22.0	23.0	24.0	25.0	26.0	27.0	28.0	29.0	30.0	31.0	32.0	33.0	34.0	35.0	36.0	37.0	38.0
113B_CM+_T1_2	10.0	1077.0	13261.0	43470.0	90833.0	164888.0	232535.0	298440.0	382521.0	503952.0	686637.0	986311.0	1534075.0	2796131.0	7045746.0	24182626.0	2282505.0
	25.0	26.0	27.0	28.0	29.0	30.0	31.0	32.0	33.0	34.0	35.0	36.0	37.0	38.0
113B_CM-_T1_1	3.0	858.0	22534.0	144720.0	401619.0	686196.0	934240.0	1266805.0	1805229.0	2761212.0	4735959.0	9495946.0	24068694.0	459716.0
	22.0	23.0	24.0	25.0	26.0	27.0	28.0	29.0	30.0	31.0	32.0	33.0	34.0	35.0	36.0	37.0	38.0
113B_CM-_T1_2	8.0	1317.0	16385.0	53781.0	111723.0	200107.0	282731.0	359924.0	461704.0	606745.0	825136.0	1178175.0	1831905.0	3320234.0	8316709.0	27055955.0	2161192.0
	25.0	26.0	27.0	28.0	29.0	30.0	31.0	32.0	33.0	34.0	35.0	36.0	37.0	38.0
113B_PBMC_T1_1	5.0	755.0	22266.0	182004.0	628944.0	1171918.0	1640312.0	2250586.0	3198352.0	4757728.0	7459337.0	12090221.0	15227528.0	40315.0
	22.0	23.0	24.0	25.0	26.0	27.0	28.0	29.0	30.0	31.0	32.0	33.0	34.0	35.0	36.0	37.0	38.0
113B_PBMC_T1_2	3.0	1234.0	15530.0	51645.0	106122.0	192506.0	274419.0	353195.0	456552.0	607612.0	830594.0	1197081.0	1874995.0	3448660.0	8794384.0	28414689.0	2051050.0
	25.0	26.0	27.0	28.0	29.0	30.0	31.0	32.0	33.0	34.0	35.0	36.0	37.0	38.0
113B_T1_T1_1	5.0	814.0	23833.0	173964.0	557753.0	1015960.0	1392865.0	1879976.0	2649432.0	3958174.0	6444132.0	11713742.0	22724701.0	263130.0
	22.0	23.0	24.0	25.0	26.0	27.0	28.0	29.0	30.0	31.0	32.0	33.0	34.0	35.0	36.0	37.0	38.0
113B_T1_T1_2	5.0	1179.0	15711.0	51533.0	108777.0	196933.0	280347.0	359906.0	465889.0	615491.0	842635.0	1219013.0	1908691.0	3512121.0	8986158.0	31373939.0	2860153.0
	25.0	26.0	27.0	28.0	29.0	30.0	31.0	32.0	33.0	34.0	35.0	36.0	37.0	38.0
113B_T2_T1_1	7.0	803.0	17833.0	95367.0	231030.0	375601.0	514991.0	708413.0	1033182.0	1647919.0	3019996.0	6839299.0	23781295.0	831798.0
	22.0	23.0	24.0	25.0	26.0	27.0	28.0	29.0	30.0	31.0	32.0	33.0	34.0	35.0	36.0	37.0	38.0
113B_T2_T1_2	9.0	1275.0	16020.0	50752.0	104357.0	185656.0	259077.0	325120.0	411872.0	530028.0	704588.0	985648.0	1497569.0	2640085.0	6455186.0	22566201.0	2364091.0
	25.0	26.0	27.0	28.0	29.0	30.0	31.0	32.0	33.0	34.0	35.0	36.0	37.0	38.0
117B_CM+_T1_1	6.0	528.0	16670.0	133864.0	456780.0	855782.0	1175801.0	1586179.0	2227045.0	3312960.0	5311299.0	9274466.0	15782296.0	120772.0
	22.0	23.0	24.0	25.0	26.0	27.0	28.0	29.0	30.0	31.0	32.0	33.0	34.0	35.0	36.0	37.0	38.0
117B_CM+_T1_2	7.0	623.0	8431.0	28927.0	64045.0	123930.0	182907.0	237565.0	312078.0	418070.0	578310.0	845216.0	1345897.0	2526181.0	6658799.0	24757998.0	2165464.0
	25.0	26.0	27.0	28.0	29.0	30.0	31.0	32.0	33.0	34.0	35.0	36.0	37.0	38.0
117B_PBMC_T1_1	4.0	820.0	21416.0	138865.0	402819.0	705581.0	973020.0	1333402.0	1920069.0	2976879.0	5110011.0	10083858.0	22637015.0	307388.0
	22.0	23.0	24.0	25.0	26.0	27.0	28.0	29.0	30.0	31.0	32.0	33.0	34.0	35.0	36.0	37.0	38.0
117B_PBMC_T1_2	5.0	1207.0	15964.0	51938.0	109969.0	201709.0	289767.0	372223.0	478592.0	629337.0	858528.0	1231341.0	1915815.0	3480032.0	8732596.0	26518618.0	1723506.0
	25.0	26.0	27.0	28.0	29.0	30.0	31.0	32.0	33.0	34.0	35.0	36.0	37.0	38.0
128RT_CM+_T1_1	4.0	445.0	14841.0	115502.0	392864.0	761313.0	1056294.0	1435005.0	2041799.0	3125765.0	5324293.0	10604537.0	24299389.0	254361.0
	22.0	23.0	24.0	25.0	26.0	27.0	28.0	29.0	30.0	31.0	32.0	33.0	34.0	35.0	36.0	37.0	38.0
128RT_CM+_T1_2	1.0	203.0	3095.0	11427.0	31488.0	77444.0	124583.0	164669.0	216450.0	293092.0	412143.0	613272.0	1006137.0	1987352.0	5856410.0	34348843.0	4279803.0
	25.0	26.0	27.0	28.0	29.0	30.0	31.0	32.0	33.0	34.0	35.0	36.0	37.0	38.0
128RT_CM-_T1_1	2.0	844.0	23176.0	163856.0	498832.0	895966.0	1245052.0	1719504.0	2486339.0	3833002.0	6432310.0	11945494.0	22438793.0	220064.0
	22.0	23.0	24.0	25.0	26.0	27.0	28.0	29.0	30.0	31.0	32.0	33.0	34.0	35.0	36.0	37.0	38.0
128RT_CM-_T1_2	12.0	1564.0	19699.0	63504.0	129741.0	229762.0	325224.0	416790.0	534251.0	703151.0	953625.0	1357394.0	2096976.0	3783312.0	9403796.0	29699283.0	2185150.0
	25.0	26.0	27.0	28.0	29.0	30.0	31.0	32.0	33.0	34.0	35.0	36.0	37.0	38.0
128RT_PBMC_T1_1	2.0	879.0	23187.0	150991.0	428763.0	737253.0	1000606.0	1357445.0	1935662.0	2978563.0	5123921.0	10260145.0	24628629.0	389539.0
	22.0	23.0	24.0	25.0	26.0	27.0	28.0	29.0	30.0	31.0	32.0	33.0	34.0	35.0	36.0	37.0	38.0
128RT_PBMC_T1_2	2.0	1133.0	13963.0	47191.0	101430.0	190749.0	273626.0	351407.0	453181.0	598893.0	818480.0	1176649.0	1840696.0	3371893.0	8578838.0	28906176.0	2291278.0
	25.0	26.0	27.0	28.0	29.0	30.0	31.0	32.0	33.0	34.0	35.0	36.0	37.0	38.0
128RT_T1_T1_1	6.0	922.0	23214.0	150630.0	427895.0	743005.0	1019799.0	1402444.0	2033046.0	3176631.0	5503796.0	10870342.0	23344432.0	265066.0
	22.0	23.0	24.0	25.0	26.0	27.0	28.0	29.0	30.0	31.0	32.0	33.0	34.0	35.0	36.0	37.0	38.0
128RT_T1_T1_2	7.0	1387.0	18434.0	59358.0	124315.0	224471.0	316656.0	403533.0	512843.0	670708.0	908629.0	1289694.0	1984249.0	3568603.0	8854140.0	27974492.0	2049709.0
	25.0	26.0	27.0	28.0	29.0	30.0	31.0	32.0	33.0	34.0	35.0	36.0	37.0	38.0
128RT_T2_T1_1	2.0	765.0	22883.0	174107.0	549250.0	982873.0	1358962.0	1864503.0	2661750.0	4036169.0	6621297.0	11967760.0	22907322.0	266203.0
	22.0	23.0	24.0	25.0	26.0	27.0	28.0	29.0	30.0	31.0	32.0	33.0	34.0	35.0	36.0	37.0	38.0
128RT_T2_T1_2	6.0	1864.0	23459.0	75506.0	152416.0	264354.0	365519.0	463572.0	592771.0	773668.0	1043979.0	1480301.0	2274705.0	4067588.0	9911282.0	29790397.0	2132459.0
	25.0	26.0	27.0	28.0	29.0	30.0	31.0	32.0	33.0	34.0	35.0	36.0	37.0	38.0
128RT_TISSUE_T1_1	3.0	386.0	11694.0	83244.0	252303.0	445183.0	610546.0	834012.0	1192419.0	1820473.0	3028982.0	5621810.0	11182158.0	139607.0
	22.0	23.0	24.0	25.0	26.0	27.0	28.0	29.0	30.0	31.0	32.0	33.0	34.0	35.0	36.0	37.0	38.0
128RT_TISSUE_T1_2	4.0	861.0	10896.0	34991.0	70959.0	123470.0	171622.0	218069.0	278391.0	365385.0	492413.0	700152.0	1078907.0	1935871.0	4758237.0	14019496.0	963096.0
	25.0	26.0	27.0	28.0	29.0	30.0	31.0	32.0	33.0	34.0	35.0	36.0	37.0	38.0
28RT_CM+_T1_1	1.0	465.0	15576.0	134463.0	504445.0	985199.0	1367101.0	1843507.0	2575325.0	3764252.0	5809211.0	9263665.0	11533414.0	37365.0
	22.0	23.0	24.0	25.0	26.0	27.0	28.0	29.0	30.0	31.0	32.0	33.0	34.0	35.0	36.0	37.0	38.0
28RT_CM+_T1_2	9.0	691.0	9240.0	30727.0	67542.0	127487.0	185271.0	241400.0	314083.0	419840.0	582066.0	851720.0	1358031.0	2557536.0	6733179.0	22758523.0	1596644.0
	25.0	26.0	27.0	28.0	29.0	30.0	31.0	32.0	33.0	34.0	35.0	36.0	37.0	38.0
28RT_CM-_T1_1	9.0	870.0	19040.0	105379.0	267204.0	449896.0	615064.0	838995.0	1209566.0	1910204.0	3490254.0	8123785.0	32347814.0	1285569.0
	22.0	23.0	24.0	25.0	26.0	27.0	28.0	29.0	30.0	31.0	32.0	33.0	34.0	35.0	36.0	37.0	38.0
28RT_CM-_T1_2	4.0	851.0	11211.0	39181.0	91210.0	192254.0	285294.0	364785.0	465162.0	602250.0	813201.0	1152336.0	1781817.0	3242675.0	8314022.0	30706753.0	2600643.0
	25.0	26.0	27.0	28.0	29.0	30.0	31.0	32.0	33.0	34.0	35.0	36.0	37.0	38.0
28RT_PBMC_T1_1	9.0	785.0	20739.0	134513.0	376803.0	652351.0	890474.0	1212849.0	1740521.0	2700736.0	4704372.0	9667127.0	25230283.0	465180.0
	22.0	23.0	24.0	25.0	26.0	27.0	28.0	29.0	30.0	31.0	32.0	33.0	34.0	35.0	36.0	37.0	38.0
28RT_PBMC_T1_2	5.0	918.0	12472.0	42575.0	92752.0	179699.0	261037.0	334653.0	431979.0	570690.0	781942.0	1123933.0	1768637.0	3256013.0	8392283.0	28409352.0	2137802.0
	25.0	26.0	27.0	28.0	29.0	30.0	31.0	32.0	33.0	34.0	35.0	36.0	37.0	38.0
28RT_T1_T1_1	5.0	958.0	20740.0	117739.0	304701.0	509975.0	690523.0	933749.0	1335742.0	2084111.0	3769806.0	8536772.0	27506942.0	553813.0
	22.0	23.0	24.0	25.0	26.0	27.0	28.0	29.0	30.0	31.0	32.0	33.0	34.0	35.0	36.0	37.0	38.0
28RT_T1_T1_2	5.0	1004.0	13102.0	44003.0	94721.0	175461.0	252337.0	322033.0	413509.0	545502.0	742412.0	1063311.0	1660097.0	3039936.0	7803853.0	27645333.0	2548957.0
	25.0	26.0	27.0	28.0	29.0	30.0	31.0	32.0	33.0	34.0	35.0	36.0	37.0	38.0
28RT_T2_T1_1	4.0	568.0	16623.0	128078.0	419476.0	770714.0	1057393.0	1435565.0	2036261.0	3084312.0	5116637.0	9537081.0	18340360.0	163557.0
	22.0	23.0	24.0	25.0	26.0	27.0	28.0	29.0	30.0	31.0	32.0	33.0	34.0	35.0	36.0	37.0	38.0
28RT_T2_T1_2	8.0	741.0	10042.0	34052.0	74946.0	142718.0	206779.0	267856.0	346058.0	460875.0	636489.0	923546.0	1461744.0	2726107.0	7169442.0	25529181.0	2116045.0
	25.0	26.0	27.0	28.0	29.0	30.0	31.0	32.0	33.0	34.0	35.0	36.0	37.0	38.0
28RT_TISSUE_T1_1	1.0	723.0	18897.0	129288.0	380898.0	666546.0	908893.0	1232868.0	1754543.0	2695387.0	4639710.0	9480437.0	25548537.0	495177.0
	22.0	23.0	24.0	25.0	26.0	27.0	28.0	29.0	30.0	31.0	32.0	33.0	34.0	35.0	36.0	37.0	38.0
28RT_TISSUE_T1_2	2.0	620.0	8521.0	29856.0	67855.0	136132.0	202283.0	265282.0	344695.0	459238.0	635622.0	928986.0	1478774.0	2790784.0	7482146.0	30293548.0	2827561.0
	25.0	26.0	27.0	28.0	29.0	30.0	31.0	32.0	33.0	34.0	35.0	36.0	37.0	38.0
67B_CM+_T1_1	7.0	859.0	21582.0	132726.0	369363.0	638478.0	867951.0	1173338.0	1668333.0	2567573.0	4466596.0	9360774.0	27864176.0	706729.0
	22.0	23.0	24.0	25.0	26.0	27.0	28.0	29.0	30.0	31.0	32.0	33.0	34.0	35.0	36.0	37.0	38.0
67B_CM+_T1_2	4.0	1054.0	13803.0	46088.0	101947.0	198053.0	288039.0	368289.0	469838.0	615239.0	834191.0	1191053.0	1844356.0	3349165.0	8438631.0	29513889.0	2564846.0
	25.0	26.0	27.0	28.0	29.0	30.0	31.0	32.0	33.0	34.0	35.0	36.0	37.0	38.0
67B_CM-_T1_1	6.0	791.0	19224.0	113749.0	291486.0	482454.0	647662.0	874145.0	1233116.0	1892385.0	3314499.0	7250321.0	28074890.0	1282023.0
	22.0	23.0	24.0	25.0	26.0	27.0	28.0	29.0	30.0	31.0	32.0	33.0	34.0	35.0	36.0	37.0	38.0
67B_CM-_T1_2	2.0	592.0	8124.0	29089.0	67266.0	139461.0	208805.0	269211.0	346600.0	457922.0	630179.0	909274.0	1429341.0	2652190.0	6959535.0	28325206.0	3043954.0
	25.0	26.0	27.0	28.0	29.0	30.0	31.0	32.0	33.0	34.0	35.0	36.0	37.0	38.0
67B_T1_T1_1	4.0	709.0	19443.0	148343.0	496105.0	937756.0	1326597.0	1864987.0	2729177.0	4223586.0	7005997.0	12308614.0	17427558.0	62481.0
	22.0	23.0	24.0	25.0	26.0	27.0	28.0	29.0	30.0	31.0	32.0	33.0	34.0	35.0	36.0	37.0	38.0
67B_T1_T1_2	5.0	931.0	12571.0	43196.0	94979.0	183949.0	268433.0	346185.0	447800.0	594874.0	818659.0	1187768.0	1878429.0	3498478.0	9081365.0	28434425.0	1659310.0
	25.0	26.0	27.0	28.0	29.0	30.0	31.0	32.0	33.0	34.0	35.0	36.0	37.0	38.0
67B_T2_T1_1	1.0	595.0	18194.0	142958.0	497616.0	951234.0	1325006.0	1806495.0	2567497.0	3863138.0	6240183.0	10857020.0	16717252.0	94967.0
	22.0	23.0	24.0	25.0	26.0	27.0	28.0	29.0	30.0	31.0	32.0	33.0	34.0	35.0	36.0	37.0	38.0
67B_T2_T1_2	1.0	867.0	11272.0	37858.0	83006.0	158867.0	229153.0	296644.0	385559.0	512208.0	706783.0	1031370.0	1634392.0	3054013.0	7999773.0	26984416.0	1955974.0
	25.0	26.0	27.0	28.0	29.0	30.0	31.0	32.0	33.0	34.0	35.0	36.0	37.0	38.0
67RT_CM+_T1_1	2.0	735.0	19562.0	128687.0	354463.0	594970.0	803557.0	1080583.0	1522301.0	2304241.0	3895509.0	7756298.0	21744833.0	607562.0
	22.0	23.0	24.0	25.0	26.0	27.0	28.0	29.0	30.0	31.0	32.0	33.0	34.0	35.0	36.0	37.0	38.0
67RT_CM+_T1_2	2.0	774.0	10204.0	34448.0	74515.0	140335.0	203967.0	261737.0	336995.0	446349.0	609111.0	876421.0	1373941.0	2519404.0	6462495.0	24658971.0	2803634.0
	25.0	26.0	27.0	28.0	29.0	30.0	31.0	32.0	33.0	34.0	35.0	36.0	37.0	38.0
67RT_CM-_T1_1	2.0	638.0	17551.0	118470.0	343792.0	602809.0	829186.0	1134462.0	1629887.0	2522027.0	4355956.0	8800417.0	22372856.0	392821.0
	22.0	23.0	24.0	25.0	26.0	27.0	28.0	29.0	30.0	31.0	32.0	33.0	34.0	35.0	36.0	37.0	38.0
67RT_CM-_T1_2	6.0	1301.0	16253.0	53973.0	111923.0	200728.0	283588.0	360553.0	462692.0	604911.0	821183.0	1165613.0	1806757.0	3261020.0	8084032.0	24229348.0	1656993.0
	25.0	26.0	27.0	28.0	29.0	30.0	31.0	32.0	33.0	34.0	35.0	36.0	37.0	38.0
67RT_T1_T1_1	7.0	781.0	18502.0	110471.0	287000.0	487337.0	681376.0	968089.0	1462992.0	2419435.0	4488796.0	9486656.0	20118718.0	163439.0
	22.0	23.0	24.0	25.0	26.0	27.0	28.0	29.0	30.0	31.0	32.0	33.0	34.0	35.0	36.0	37.0	38.0
67RT_T1_T1_2	7.0	1377.0	17951.0	56639.0	112478.0	191397.0	264043.0	334404.0	423226.0	549330.0	736009.0	1035937.0	1583660.0	2825228.0	7015276.0	23518276.0	2028361.0
	25.0	26.0	27.0	28.0	29.0	30.0	31.0	32.0	33.0	34.0	35.0	36.0	37.0	38.0
67RT_TISSUE_T1_1	1.0	709.0	19637.0	131732.0	377411.0	656149.0	908208.0	1252466.0	1822823.0	2847119.0	4907805.0	9513870.0	19477841.0	198948.0
	22.0	23.0	24.0	25.0	26.0	27.0	28.0	29.0	30.0	31.0	32.0	33.0	34.0	35.0	36.0	37.0	38.0
67RT_TISSUE_T1_2	11.0	1324.0	16881.0	54641.0	111390.0	196474.0	276690.0	353330.0	450390.0	590396.0	797985.0	1134328.0	1745893.0	3131857.0	7730798.0	23811035.0	1711296.0
	25.0	26.0	27.0	28.0	29.0	30.0	31.0	32.0	33.0	34.0	35.0	36.0	37.0	38.0
67_PBMC_T1_1	4.0	886.0	20677.0	126205.0	335295.0	559062.0	755088.0	1023624.0	1459590.0	2258704.0	3924425.0	8134570.0	22434445.0	471741.0
	22.0	23.0	24.0	25.0	26.0	27.0	28.0	29.0	30.0	31.0	32.0	33.0	34.0	35.0	36.0	37.0	38.0
67_PBMC_T1_2	4.0	1227.0	16089.0	51836.0	107492.0	190706.0	268253.0	342518.0	439637.0	575492.0	776690.0	1102320.0	1693716.0	3027290.0	7428412.0	23492557.0	1990077.0
	25.0	26.0	27.0	28.0	29.0	30.0	31.0	32.0	33.0	34.0	35.0	36.0	37.0	38.0
67_RT_T2_T1_1	7.0	734.0	18666.0	122703.0	360227.0	636813.0	877729.0	1203519.0	1733756.0	2682311.0	4603058.0	9179497.0	22142136.0	370479.0
	22.0	23.0	24.0	25.0	26.0	27.0	28.0	29.0	30.0	31.0	32.0	33.0	34.0	35.0	36.0	37.0	38.0
67_RT_T2_T1_2	11.0	1108.0	14970.0	50001.0	106204.0	199693.0	285884.0	363027.0	463284.0	607877.0	824812.0	1176575.0	1824264.0	3303095.0	8220282.0	24819713.0	1670835.0
	25.0	26.0	27.0	28.0	29.0	30.0	31.0	32.0	33.0	34.0	35.0	36.0	37.0	38.0
81B_CM+_T1_1	8.0	768.0	18699.0	118489.0	324054.0	550052.0	754872.0	1041304.0	1510204.0	2374422.0	4164528.0	8517677.0	21184715.0	344176.0
	22.0	23.0	24.0	25.0	26.0	27.0	28.0	29.0	30.0	31.0	32.0	33.0	34.0	35.0	36.0	37.0	38.0
81B_CM+_T1_2	7.0	1166.0	14837.0	48248.0	100545.0	180583.0	253675.0	322833.0	410602.0	535965.0	723262.0	1023491.0	1574126.0	2820326.0	6999603.0	23776875.0	2117824.0
	25.0	26.0	27.0	28.0	29.0	30.0	31.0	32.0	33.0	34.0	35.0	36.0	37.0	38.0
81B_CM-_T1_1	1.0	589.0	17808.0	143977.0	498499.0	938302.0	1312165.0	1795745.0	2550124.0	3831549.0	6162390.0	10665229.0	17518179.0	152311.0
	22.0	23.0	24.0	25.0	26.0	27.0	28.0	29.0	30.0	31.0	32.0	33.0	34.0	35.0	36.0	37.0	38.0
81B_CM-_T1_2	2.0	1049.0	13991.0	46646.0	99456.0	184038.0	262939.0	338947.0	438689.0	580462.0	795067.0	1149269.0	1805634.0	3321731.0	8432032.0	26308975.0	1807941.0
	25.0	26.0	27.0	28.0	29.0	30.0	31.0	32.0	33.0	34.0	35.0	36.0	37.0	38.0
81B_PBMC_T1_1	5.0	714.0	21443.0	167437.0	561532.0	1040516.0	1427059.0	1927438.0	2712279.0	4044844.0	6508180.0	11430159.0	19460382.0	152906.0
	22.0	23.0	24.0	25.0	26.0	27.0	28.0	29.0	30.0	31.0	32.0	33.0	34.0	35.0	36.0	37.0	38.0
81B_PBMC_T1_2	4.0	846.0	11311.0	38375.0	84821.0	161813.0	235660.0	303829.0	396008.0	529372.0	728272.0	1059744.0	1678712.0	3132529.0	8203414.0	30156298.0	2733886.0
	25.0	26.0	27.0	28.0	29.0	30.0	31.0	32.0	33.0	34.0	35.0	36.0	37.0	38.0
81B_T1_T1_1	2.0	709.0	18632.0	122819.0	353982.0	627511.0	859052.0	1167286.0	1676564.0	2600064.0	4533365.0	9298307.0	22684442.0	304335.0
	22.0	23.0	24.0	25.0	26.0	27.0	28.0	29.0	30.0	31.0	32.0	33.0	34.0	35.0	36.0	37.0	38.0
81B_T1_T1_2	2.0	585.0	7891.0	28204.0	65112.0	130796.0	196117.0	255255.0	330166.0	441712.0	611876.0	894440.0	1431898.0	2705596.0	7300966.0	27638273.0	2208181.0
	25.0	26.0	27.0	28.0	29.0	30.0	31.0	32.0	33.0	34.0	35.0	36.0	37.0	38.0
81B_T2_T1_1	2.0	493.0	12919.0	86941.0	259739.0	462993.0	632058.0	856579.0	1215908.0	1875345.0	3275050.0	7010037.0	21324662.0	449127.0
	22.0	23.0	24.0	25.0	26.0	27.0	28.0	29.0	30.0	31.0	32.0	33.0	34.0	35.0	36.0	37.0	38.0
81B_T2_T1_2	2.0	232.0	3734.0	13823.0	34911.0	78397.0	123318.0	162514.0	212406.0	285338.0	398471.0	588142.0	949717.0	1822398.0	5096054.0	24876768.0	2815628.0
	25.0	26.0	27.0	28.0	29.0	30.0	31.0	32.0	33.0	34.0	35.0	36.0	37.0	38.0
96RT_CM+_T1_1	3.0	756.0	21591.0	150766.0	448488.0	785212.0	1072318.0	1455551.0	2070789.0	3156998.0	5310208.0	10140836.0	21559087.0	272465.0
	22.0	23.0	24.0	25.0	26.0	27.0	28.0	29.0	30.0	31.0	32.0	33.0	34.0	35.0	36.0	37.0	38.0
96RT_CM+_T1_2	8.0	1287.0	15987.0	52104.0	108705.0	193291.0	272209.0	348262.0	448453.0	588081.0	801774.0	1152121.0	1790527.0	3262644.0	8202201.0	26963476.0	2243938.0
	25.0	26.0	27.0	28.0	29.0	30.0	31.0	32.0	33.0	34.0	35.0	36.0	37.0	38.0
96RT_CM-_T1_1	3.0	876.0	21386.0	130156.0	347930.0	583167.0	798755.0	1100639.0	1598565.0	2509710.0	4441247.0	9296943.0	26228164.0	642507.0
	22.0	23.0	24.0	25.0	26.0	27.0	28.0	29.0	30.0	31.0	32.0	33.0	34.0	35.0	36.0	37.0	38.0
96RT_CM-_T1_2	7.0	1246.0	15945.0	52770.0	108688.0	198491.0	283367.0	361378.0	461709.0	603022.0	815393.0	1158777.0	1783576.0	3208739.0	7986070.0	27985725.0	2675145.0
	25.0	26.0	27.0	28.0	29.0	30.0	31.0	32.0	33.0	34.0	35.0	36.0	37.0	38.0
96RT_PBMC_T1_1	7.0	918.0	24579.0	158431.0	425454.0	710430.0	960197.0	1295451.0	1838392.0	2808576.0	4823529.0	9851589.0	29369505.0	872974.0
	22.0	23.0	24.0	25.0	26.0	27.0	28.0	29.0	30.0	31.0	32.0	33.0	34.0	35.0	36.0	37.0	38.0
96RT_PBMC_T1_2	5.0	1357.0	16958.0	56101.0	118716.0	217432.0	310228.0	396591.0	506163.0	662149.0	898271.0	1280407.0	1978125.0	3573107.0	8917202.0	31224837.0	2982383.0
	25.0	26.0	27.0	28.0	29.0	30.0	31.0	32.0	33.0	34.0	35.0	36.0	37.0	38.0
96RT_T1_T1_1	2.0	731.0	19062.0	131297.0	405851.0	736685.0	1019884.0	1395771.0	2006586.0	3110840.0	5356515.0	10670165.0	24387415.0	321601.0
	22.0	23.0	24.0	25.0	26.0	27.0	28.0	29.0	30.0	31.0	32.0	33.0	34.0	35.0	36.0	37.0	38.0
96RT_T1_T1_2	3.0	684.0	9941.0	34694.0	80242.0	165016.0	246620.0	316592.0	408589.0	539973.0	740902.0	1073621.0	1694624.0	3156725.0	8297569.0	30422655.0	2373955.0
	25.0	26.0	27.0	28.0	29.0	30.0	31.0	32.0	33.0	34.0	35.0	36.0	37.0	38.0
96RT_T2_T1_1	1.0	699.0	18610.0	127867.0	384074.0	682242.0	928377.0	1250390.0	1769125.0	2668380.0	4456212.0	8560612.0	19930306.0	346887.0
	22.0	23.0	24.0	25.0	26.0	27.0	28.0	29.0	30.0	31.0	32.0	33.0	34.0	35.0	36.0	37.0	38.0
96RT_T2_T1_2	4.0	882.0	10681.0	36164.0	77457.0	143255.0	206656.0	265760.0	341285.0	451376.0	617584.0	890281.0	1398760.0	2574631.0	6656086.0	24868824.0	2584096.0
	25.0	26.0	27.0	28.0	29.0	30.0	31.0	32.0	33.0	34.0	35.0	36.0	37.0	38.0
96RT_TISSUE_T1_1	8.0	495.0	14780.0	115852.0	380348.0	680165.0	926194.0	1247029.0	1748757.0	2599779.0	4169661.0	7271439.0	12248559.0	91564.0
	22.0	23.0	24.0	25.0	26.0	27.0	28.0	29.0	30.0	31.0	32.0	33.0	34.0	35.0	36.0	37.0	38.0
96RT_TISSUE_T1_2	6.0	738.0	9204.0	30581.0	64237.0	118295.0	168763.0	216996.0	280543.0	371155.0	509855.0	736552.0	1155091.0	2119146.0	5401894.0	18643625.0	1667949.0

