chr	startpos	endpos	nMajor	nMinor
1	1185051	46055887	1	0
1	46280492	78927071	2	0
1	84398573	160546518	1	1
1	160797135	186978092	2	1
1	192812042	248745207	2	0
2	242800	241745694	1	1
3	319825	21757936	1	1
3	27256325	74364525	1	0
3	81648979	161503917	1	1
3	165046931	197985888	2	1
4	271152	188101170	1	1
5	139587	181005416	1	1
6	564145	64523772	1	1
6	64912570	170553212	1	0
7	775151	159058543	1	1
8	615232	42187436	1	0
8	47122336	144930861	1	1
9	271638	19063110	1	0
9	19786219	33026574	2	0
9	33618360	138058238	1	1
10	1000772	37216231	1	0
10	37602027	133527063	1	1
11	1086825	47622719	1	0
11	47622722	57334622	1	1
11	57369898	60335034	1	0
11	60335623	134374229	1	1
12	202783	63560524	1	1
12	64482007	72022455	3	1
12	75366962	133202210	1	0
13	19824529	114324544	1	1
14	19921447	106657835	1	1
15	19987698	101684138	1	1
16	58586	12908502	1	0
16	18838536	90074947	1	1
17	562535	83048511	1	1
18	224184	80138359	1	0
19	282753	42764083	1	1
19	42868234	44892457	2	1
19	46469710	48744529	1	0
19	48796276	58478128	1	1
20	158815	64086577	1	1
21	14109044	42904255	1	1
21	43732619	46602317	2	1
22	16784014	50577409	1	0
X	1389431	57910281	1	0
X	64192810	64192810	2	0
X	70258899	154830834	1	0
