sample	chr	startpos	endpos	nMajor	nMinor
124B_T1_vs_124B_PBMC.tumour	1	1185051	119895261	2	1
124B_T1_vs_124B_PBMC.tumour	1	145873487	248745207	2	2
124B_T1_vs_124B_PBMC.tumour	2	242800	241745694	2	2
124B_T1_vs_124B_PBMC.tumour	3	319825	74364525	2	1
124B_T1_vs_124B_PBMC.tumour	3	81648979	81648979	1	3
124B_T1_vs_124B_PBMC.tumour	3	87245899	197985888	2	1
124B_T1_vs_124B_PBMC.tumour	4	271152	188101170	2	2
124B_T1_vs_124B_PBMC.tumour	5	139587	181005416	2	1
124B_T1_vs_124B_PBMC.tumour	6	564145	170553212	2	0
124B_T1_vs_124B_PBMC.tumour	7	775151	159058543	2	2
124B_T1_vs_124B_PBMC.tumour	8	615232	144930861	2	1
124B_T1_vs_124B_PBMC.tumour	9	271638	138058238	2	0
124B_T1_vs_124B_PBMC.tumour	10	1000772	133527063	2	2
124B_T1_vs_124B_PBMC.tumour	11	1086825	134374229	2	1
124B_T1_vs_124B_PBMC.tumour	12	202783	92809025	2	0
124B_T1_vs_124B_PBMC.tumour	12	92871460	133202210	3	0
124B_T1_vs_124B_PBMC.tumour	13	19824529	53034497	2	1
124B_T1_vs_124B_PBMC.tumour	13	66782796	67228207	2	2
124B_T1_vs_124B_PBMC.tumour	13	72775221	114324544	2	1
124B_T1_vs_124B_PBMC.tumour	14	19921447	106657835	2	1
124B_T1_vs_124B_PBMC.tumour	15	19987698	101684138	2	2
124B_T1_vs_124B_PBMC.tumour	16	58586	31915298	2	1
124B_T1_vs_124B_PBMC.tumour	16	46608374	90074947	2	2
124B_T1_vs_124B_PBMC.tumour	17	562535	83048511	2	0
124B_T1_vs_124B_PBMC.tumour	18	224184	47084347	2	1
124B_T1_vs_124B_PBMC.tumour	18	48252638	60215554	2	0
124B_T1_vs_124B_PBMC.tumour	18	61499308	80138359	2	1
124B_T1_vs_124B_PBMC.tumour	19	282753	58478128	2	1
124B_T1_vs_124B_PBMC.tumour	20	158815	64086577	2	2
124B_T1_vs_124B_PBMC.tumour	21	14109044	46602317	2	0
124B_T1_vs_124B_PBMC.tumour	22	16784014	50577409	2	2
124B_T1_vs_124B_PBMC.tumour	X	1389431	57910281	2	0
124B_T1_vs_124B_PBMC.tumour	X	64192810	87632244	1	0
124B_T1_vs_124B_PBMC.tumour	X	93672635	154830834	2	0
