chr	startpos	endpos	nMajor	nMinor
1	1185051	248745207	1	1
2	242800	241745694	1	1
3	319825	197985888	1	1
4	271152	188101170	1	1
5	139587	181005416	1	1
6	564145	170553212	1	1
7	775151	159058543	1	1
8	615232	144930861	1	1
9	271638	138058238	1	1
10	1000772	133527063	1	1
11	1086825	134374229	1	1
12	202783	133202210	1	1
13	19824529	53034497	1	1
13	66782796	67228207	2	0
13	72775221	114324544	1	1
14	19921447	106657835	1	1
15	19987698	101684138	1	1
16	58586	90074947	1	1
17	562535	83048511	1	1
18	224184	80138359	1	1
19	282753	58478128	1	1
20	158815	64086577	1	1
21	14109044	46602317	1	1
22	16784014	50577409	1	1
X	1389431	154830834	1	0
