chr	startpos	endpos	nMajor	nMinor
1	1185051	78927071	2	0
1	84398573	119895261	1	0
1	145873487	248745207	1	1
2	242800	90221099	1	1
2	96278815	121458843	1	0
2	126696088	241745694	1	1
3	319825	74364525	1	1
3	81648979	101857331	2	0
3	108353451	197985888	1	0
4	271152	188101170	1	1
5	139587	43609241	1	1
5	52861540	103555994	1	0
5	109378269	181005416	1	1
6	564145	170553212	1	0
7	775151	159058543	1	1
8	615232	144930861	1	1
9	271638	138058238	1	1
10	1000772	133527063	1	1
11	1086825	134374229	1	1
12	202783	133202210	1	1
13	19824529	53034497	2	1
13	66782796	114324544	1	1
14	19921447	24819307	2	1
14	30630532	106657835	1	1
15	19987698	101684138	1	1
16	58586	31915298	1	1
16	46608374	58723779	2	1
16	64988211	90074947	1	1
17	562535	21300945	1	0
17	27301794	83048511	1	1
18	224184	14752958	1	1
18	21574182	27963423	2	1
18	31006998	80138359	1	0
19	282753	58478128	1	1
20	158815	64086577	1	1
21	14109044	46602317	1	1
22	16784014	50577409	1	0
X	1389431	64192810	1	0
X	70258899	87632244	2	0
X	93672635	154830834	1	0
