chr	startpos	endpos	nMajor	nMinor
1	1185051	78927071	1	1
1	84398573	119895261	1	0
1	145873487	248745207	2	1
2	242800	241745694	2	1
3	319825	74364525	1	0
3	81648979	197985888	2	1
4	271152	188101170	1	0
5	139587	21751947	2	1
5	26988221	181005416	1	1
6	564145	170553212	1	1
7	775151	159058543	2	1
8	615232	144930861	2	1
9	271638	138058238	1	0
10	1000772	133527063	2	1
11	1086825	50033053	1	1
11	55343762	134374229	2	1
12	202783	43375473	2	1
12	43754456	52287632	1	0
12	52316931	133202210	2	1
13	19824529	114324544	2	1
14	19921447	81278392	2	2
14	87941544	106657835	2	0
15	19987698	101684138	2	1
16	58586	90074947	2	1
17	562535	21300945	2	0
17	27301794	50551220	2	1
17	50863061	83048511	2	0
18	224184	14752958	2	1
18	21574182	37519525	1	0
18	42743532	80138359	1	1
19	282753	58478128	2	1
20	158815	64086577	1	1
21	14109044	46602317	1	1
22	16784014	50577409	2	1
X	1389431	57910281	2	0
X	64192810	87632244	1	0
X	93672635	154830834	2	0
