chr	startpos	endpos	nMajor	nMinor
1	1185051	186978092	1	1
1	192812042	248745207	2	1
2	242800	90221099	1	1
2	96278815	121458843	2	1
2	126696088	241745694	1	1
3	319825	21757936	2	1
3	27256325	74364525	1	1
3	81648979	81648979	2	0
3	87245899	101857331	2	1
3	108353451	197985888	1	1
4	271152	129109497	1	1
4	134199911	188101170	2	1
5	139587	43609241	2	1
5	52861540	181005416	1	1
6	564145	170553212	1	1
7	775151	159058543	1	1
8	615232	144930861	1	1
9	271638	138058238	1	1
10	1000772	133527063	1	1
11	1086825	134374229	1	1
12	202783	133202210	1	1
13	19824529	114324544	1	1
14	19921447	106657835	1	1
15	19987698	101684138	1	1
16	58586	12908502	1	0
16	18838536	90074947	1	1
17	562535	83048511	1	1
18	224184	14752958	1	0
18	21574182	80138359	1	1
19	282753	58478128	1	1
20	158815	64086577	1	1
21	14109044	46602317	1	1
22	16784014	50577409	1	1
X	1389431	57910281	2	0
X	64192810	64192810	4	0
X	70258899	87632244	1	0
X	93672635	154830834	2	0
