chr	startpos	endpos	nMajor	nMinor
1	1185051	34757744	1	0
1	35398970	119895261	1	1
1	145873487	159016687	2	1
1	159020457	248745207	1	1
2	242800	241745694	1	1
3	319825	21757936	1	1
3	27256325	98065331	1	0
3	98087772	197985888	1	1
4	271152	188101170	1	0
5	139587	43609241	1	1
5	52861540	103555994	1	0
5	109378269	181005416	1	1
6	564145	57488735	1	1
6	61681011	170553212	1	0
7	775151	159058543	1	1
8	615232	11304987	1	0
8	11751907	144930861	1	1
9	271638	38615701	2	0
9	69228107	138058238	1	1
10	1000772	133527063	1	1
11	1086825	5323672	2	0
11	5323898	134374229	1	1
12	202783	55321335	2	0
12	55401192	57256057	2	1
12	57465648	133202210	1	0
13	19824529	114324544	1	0
14	19921447	65561728	1	1
14	67204984	106657835	1	0
15	19987698	101684138	1	1
16	58586	90074947	1	0
17	562535	21300945	1	0
17	27301794	83048511	1	1
18	224184	14752958	1	1
18	21574182	80138359	1	0
19	282753	23654343	1	0
19	29708758	58478128	1	1
20	158815	64086577	1	1
21	14109044	46602317	1	1
22	16784014	29359899	1	0
22	29441548	50577409	1	1
X	1389431	154830834	1	0
